year	CTY_CODE	CTYNAME	BJAN	BFEB	BMAR	BAPR	BMAY	BJUN	BJUL	BAUG	BSEP	BOCT	BNOV	BDEC	BQ1	BQ2	BQ3	BQ4	IJAN	IFEB	IMAR	IAPR	IMAY	IJUN	IJUL	IAUG	ISEP	IOCT	INOV	IDEC	IQ1	IQ2	IQ3	IQ4	EJAN	EFEB	EMAR	EAPR	EMAY	EJUN	EJUL	EAUG	ESEP	EOCT	ENOV	EDEC	EQ1	EQ2	EQ3	EQ4
2009	3510	Brazil	511	447	345	518	419	464	440	482	557	754	320	770	1,303	1,400	1,479	1,844	1,799	1,663	1,611	1,421	1,605	1,612	1,682	1,613	1,690	1,611	1,984	1,778	5,073	4,638	4,986	5,372	2,310	2,110	1,956	1,939	2,024	2,076	2,123	2,095	2,247	2,364	2,304	2,548	6,376	6,039	6,464	7,216
2009	1220	Canada	-1,791	-1,893	-1,384	-1,092	-816	-1,854	-2,323	-1,516	-1,787	-2,647	-2,023	-2,465	-5,068	-3,762	-5,625	-7,135	17,863	18,477	16,899	16,677	16,368	17,452	19,832	19,451	19,788	20,607	21,059	21,774	53,240	50,497	59,071	63,440	16,073	16,584	15,515	15,585	15,552	15,598	17,510	17,935	18,002	17,960	19,036	19,309	48,171	46,735	53,446	56,305
2009	5700	China	-20,362	-19,006	-20,373	-18,426	-18,407	-17,570	-18,261	-18,077	-18,413	-19,272	-18,985	-19,726	-59,740	-54,404	-54,751	-57,983	24,892	23,906	25,560	23,916	23,831	23,379	23,726	23,774	24,629	25,585	25,958	27,218	74,358	71,125	72,130	78,761	4,530	4,900	5,188	5,490	5,424	5,808	5,465	5,698	6,216	6,313	6,972	7,493	14,618	16,722	17,379	20,778
2009	4279	France	-717	-304	-834	-387	-882	-381	-863	-760	-731	-540	-754	-589	-1,855	-1,650	-2,355	-1,883	3,021	2,863	2,915	2,679	2,750	2,874	2,919	2,717	2,860	2,773	2,980	2,886	8,799	8,303	8,495	8,639	2,304	2,559	2,081	2,292	1,868	2,493	2,056	1,956	2,128	2,233	2,226	2,297	6,944	6,653	6,140	6,755
2009	4280	Germany	-2,283	-2,356	-1,888	-1,977	-1,599	-2,366	-2,731	-2,269	-2,428	-2,713	-3,179	-2,402	-6,527	-5,941	-7,429	-8,294	6,089	6,246	5,402	5,284	5,165	5,527	6,170	5,726	6,019	6,481	6,862	6,527	17,737	15,977	17,914	19,870	3,806	3,890	3,515	3,308	3,566	3,161	3,439	3,456	3,590	3,768	3,682	4,125	11,210	10,036	10,486	11,575
2009	5330	India	-527	-537	-463	-338	-244	-252	-257	-22	-417	-430	-613	-624	-1,527	-834	-696	-1,667	1,841	1,802	1,694	1,699	1,557	1,595	1,728	1,571	1,952	1,802	1,896	2,029	5,337	4,850	5,252	5,727	1,314	1,265	1,231	1,361	1,312	1,344	1,471	1,550	1,535	1,372	1,283	1,404	3,810	4,017	4,556	4,059
2009	4759	Italy	-1,444	-1,317	-1,124	-1,016	-1,028	-1,067	-1,093	-1,257	-1,180	-1,129	-1,269	-1,237	-3,885	-3,111	-3,530	-3,635	2,418	2,291	2,126	1,995	1,980	2,097	2,080	2,297	2,289	2,189	2,344	2,322	6,835	6,073	6,666	6,855	974	974	1,002	980	952	1,030	988	1,040	1,109	1,060	1,075	1,085	2,950	2,962	3,136	3,220
2009	5880	Japan	-4,899	-2,336	-2,466	-2,691	-2,734	-3,747	-3,884	-4,172	-4,295	-4,282	-4,783	-4,379	-9,701	-9,173	-12,351	-13,444	9,003	6,688	6,725	6,752	6,803	7,764	8,027	8,242	8,740	8,662	9,217	9,179	22,417	21,318	25,010	27,059	4,104	4,352	4,259	4,061	4,068	4,016	4,143	4,070	4,445	4,380	4,434	4,800	12,715	12,145	12,659	13,615
2009	5800	Korea, South	-1,923	-1,179	-1,337	-1,025	-655	-777	-753	-552	-612	-485	-523	-783	-4,438	-2,457	-1,917	-1,791	3,730	3,253	3,171	3,050	3,129	3,072	3,125	3,194	3,323	3,327	3,319	3,522	10,155	9,251	9,642	10,168	1,807	2,074	1,835	2,024	2,474	2,295	2,372	2,642	2,711	2,842	2,797	2,739	5,716	6,794	7,725	8,377
2009	2010	Mexico	-3,300	-3,378	-3,511	-4,109	-3,663	-3,058	-3,277	-3,819	-4,297	-4,571	-4,905	-5,875	-10,189	-10,829	-11,393	-15,351	13,494	13,462	13,158	13,791	13,257	13,406	14,287	14,837	15,768	16,266	16,914	18,016	40,114	40,454	44,891	51,195	10,194	10,084	9,647	9,682	9,594	10,348	11,010	11,018	11,470	11,695	12,009	12,141	29,925	29,624	33,498	35,845
2009	5170	Saudi Arabia	-1,281	-335	-596	-591	-946	-844	-904	-947	-1,149	-1,154	-1,378	-1,135	-2,212	-2,381	-3,001	-3,667	2,213	1,434	1,460	1,571	1,722	1,652	1,839	1,789	2,092	2,034	2,222	2,024	5,107	4,945	5,720	6,281	932	1,098	864	980	776	809	934	842	943	880	845	890	2,895	2,564	2,719	2,614
2009	4120	United Kingdom	362	-839	150	-220	-255	349	46	-604	-321	-270	-348	175	-328	-126	-879	-444	3,533	4,490	3,558	3,830	3,534	3,602	3,870	4,401	4,181	4,309	4,412	3,759	11,582	10,966	12,452	12,480	3,895	3,651	3,708	3,610	3,279	3,951	3,916	3,797	3,859	4,039	4,063	3,934	11,254	10,840	11,573	12,036
2009	0020	All other countries	-7,688	-6,061	-6,221	-7,485	-5,538	-6,202	-8,129	-7,402	-9,201	-7,958	-8,573	-9,787	-19,971	-19,224	-24,732	-26,319	38,615	38,289	37,858	37,280	36,975	38,197	40,153	39,690	42,406	42,968	44,237	45,727	114,762	112,452	122,249	132,933	30,927	32,228	31,637	29,795	31,437	31,996	32,024	32,287	33,205	35,010	35,664	35,940	94,792	93,228	97,517	106,614
2009	0017	CAFTA-DR	303	282	218	61	133	192	-46	-6	-3	-47	-14	29	803	386	-55	-31	1,291	1,374	1,367	1,353	1,412	1,509	1,673	1,675	1,686	1,792	1,883	1,826	4,033	4,274	5,035	5,501	1,595	1,656	1,585	1,414	1,544	1,701	1,627	1,669	1,683	1,745	1,869	1,856	4,836	4,659	4,979	5,470
2009	0003	European Union	-5,701	-4,126	-4,343	-4,704	-3,685	-3,634	-5,507	-5,857	-6,478	-5,049	-6,182	-5,936	-14,170	-12,023	-17,842	-17,167	23,909	23,720	22,480	22,410	21,236	21,737	23,531	23,370	24,597	24,703	25,302	24,806	70,109	65,383	71,498	74,810	18,208	19,594	18,137	17,706	17,551	18,103	18,023	17,513	18,119	19,654	19,120	18,870	55,940	53,360	53,656	57,644
2009	0008	Newly Industrialized Countries	-1,406	-557	-792	-193	350	340	782	666	1,074	1,783	761	718	-2,754	497	2,521	3,262	7,681	6,951	7,194	6,844	6,825	6,760	6,855	7,220	7,386	7,388	7,616	8,134	21,826	20,430	21,460	23,137	6,275	6,394	6,403	6,652	7,175	7,100	7,637	7,885	8,460	9,171	8,376	8,852	19,072	20,927	23,982	26,399
2009	0001	OPEC	-4,005	-2,705	-2,995	-3,423	-4,093	-5,203	-5,900	-5,788	-6,982	-6,413	-7,183	-7,055	-9,705	-12,719	-18,670	-20,651	8,477	7,483	7,531	7,601	7,918	9,043	9,649	9,509	11,179	10,534	11,352	11,327	23,490	24,562	30,337	33,212	4,472	4,778	4,536	4,178	3,825	3,840	3,749	3,721	4,197	4,120	4,169	4,273	13,786	11,843	11,667	12,561
2009	0009	South/Central America	456	488	185	273	208	-85	-482	260	-159	243	-43	106	1,128	396	-381	306	8,619	8,423	8,295	7,784	8,354	8,960	9,178	8,827	9,677	9,540	10,094	10,349	25,337	25,098	27,681	29,983	9,075	8,911	8,480	8,057	8,562	8,875	8,696	9,087	9,517	9,783	10,051	10,456	26,466	25,494	27,300	30,289
2010	3510	Brazil	563	964	1,069	863	1,016	982	1,041	1,033	1,228	764	1,094	843	2,595	2,861	3,302	2,701	1,964	1,764	1,977	2,033	1,945	2,013	2,146	2,062	1,647	2,165	1,981	2,261	5,705	5,992	5,855	6,406	2,528	2,728	3,045	2,896	2,962	2,995	3,187	3,095	2,875	2,929	3,075	3,104	8,301	8,853	9,157	9,107
2010	1220	Canada	-3,128	-2,830	-2,536	-2,653	-2,885	-2,644	-1,625	-2,318	-1,468	-1,543	-2,139	-2,610	-8,494	-8,183	-5,411	-6,292	22,390	22,718	22,443	22,911	23,642	23,366	22,913	23,411	22,934	23,322	23,352	24,236	67,551	69,919	69,257	70,910	19,262	19,888	19,907	20,258	20,756	20,722	21,288	21,092	21,466	21,779	21,213	21,626	59,056	61,736	63,846	64,618
2010	5700	China	-20,297	-20,700	-21,745	-21,179	-23,014	-24,830	-23,432	-24,624	-24,063	-23,011	-23,239	-22,909	-62,741	-69,023	-72,119	-69,158	27,758	27,869	28,639	28,210	30,070	31,916	31,129	32,138	31,716	31,552	31,972	31,985	84,266	90,196	94,982	95,509	7,461	7,169	6,894	7,031	7,056	7,086	7,697	7,514	7,652	8,542	8,733	9,076	21,525	21,173	22,863	26,350
2010	4279	France	-872	-961	-1,232	-1,086	-1,014	-977	-918	-1,048	-1,241	-736	-763	-538	-3,065	-3,077	-3,206	-2,037	2,989	3,038	3,416	3,209	3,129	3,063	3,082	3,197	3,570	3,096	3,211	3,355	9,443	9,401	9,849	9,662	2,117	2,077	2,184	2,123	2,115	2,086	2,164	2,149	2,329	2,360	2,448	2,817	6,378	6,324	6,643	7,625
2010	4280	Germany	-1,961	-2,832	-2,483	-2,715	-3,311	-2,913	-3,076	-3,175	-2,951	-3,402	-2,769	-2,707	-7,277	-8,939	-9,201	-8,878	6,007	6,420	6,407	6,523	7,116	6,883	7,057	7,261	7,100	7,383	7,401	6,893	18,833	20,523	21,418	21,676	4,046	3,587	3,923	3,808	3,805	3,970	3,981	4,086	4,150	3,980	4,632	4,186	11,556	11,583	12,217	12,798
2010	5330	India	-686	-797	-788	-711	-901	-952	-898	-966	-867	-966	-861	-892	-2,271	-2,564	-2,731	-2,718	2,190	2,298	2,286	2,472	2,596	2,521	2,501	2,577	2,316	2,738	2,575	2,463	6,774	7,589	7,394	7,775	1,504	1,501	1,498	1,761	1,695	1,569	1,603	1,611	1,449	1,772	1,714	1,571	4,503	5,025	4,663	5,058
2010	4759	Italy	-1,144	-1,134	-1,207	-1,279	-1,094	-1,158	-1,142	-1,165	-1,139	-1,399	-1,213	-1,217	-3,485	-3,531	-3,447	-3,830	2,257	2,256	2,310	2,298	2,368	2,302	2,333	2,367	2,377	2,656	2,471	2,519	6,822	6,968	7,078	7,646	1,112	1,122	1,102	1,018	1,274	1,144	1,191	1,202	1,238	1,257	1,257	1,302	3,337	3,437	3,631	3,816
2010	5880	Japan	-4,146	-4,411	-4,832	-4,515	-4,563	-5,176	-5,063	-5,369	-5,476	-5,390	-5,330	-5,809	-13,389	-14,255	-15,908	-16,529	9,195	9,217	9,602	9,315	9,574	10,153	10,197	10,428	10,401	10,719	10,673	11,078	28,015	29,041	31,027	32,470	5,049	4,806	4,771	4,800	5,010	4,977	5,135	5,058	4,926	5,329	5,343	5,269	14,626	14,787	15,119	15,941
2010	5800	Korea, South	-373	-504	-326	-624	-687	-948	-783	-1,255	-1,100	-1,231	-1,242	-982	-1,203	-2,260	-3,137	-3,455	3,349	3,578	3,676	3,781	3,978	4,178	4,155	4,401	4,260	4,541	4,626	4,352	10,602	11,938	12,816	13,519	2,977	3,073	3,350	3,157	3,291	3,230	3,372	3,146	3,161	3,309	3,384	3,370	9,400	9,678	9,679	10,064
2010	2010	Mexico	-5,444	-5,187	-5,260	-5,284	-5,708	-5,613	-5,398	-5,901	-5,743	-6,140	-5,330	-5,312	-15,891	-16,605	-17,043	-16,782	17,791	17,908	18,507	18,644	19,255	19,289	18,832	19,635	19,567	20,293	19,850	20,416	54,206	57,187	58,034	60,559	12,347	12,721	13,247	13,360	13,547	13,676	13,434	13,734	13,823	14,152	14,520	15,104	38,315	40,582	40,991	43,776
2010	5170	Saudi Arabia	-1,326	-1,232	-1,893	-1,972	-1,582	-1,744	-1,364	-1,503	-1,619	-1,665	-2,036	-1,967	-4,452	-5,299	-4,487	-5,669	2,229	2,450	2,749	2,923	2,518	2,763	2,250	2,557	2,523	2,601	2,915	2,935	7,428	8,204	7,330	8,451	903	1,218	855	951	936	1,019	885	1,053	904	935	878	968	2,976	2,906	2,843	2,782
2010	4120	United Kingdom	215	-954	26	31	-15	-419	-79	-267	-108	18	40	118	-713	-402	-455	175	3,812	4,868	3,989	3,837	3,813	4,385	4,213	4,398	4,114	4,083	4,065	4,228	12,669	12,035	12,726	12,376	4,027	3,914	4,014	3,868	3,798	3,966	4,134	4,131	4,006	4,101	4,105	4,346	11,956	11,632	12,271	12,551
2010	0020	All other countries	-10,034	-11,119	-10,595	-10,188	-9,654	-10,935	-9,987	-10,494	-9,335	-8,851	-7,930	-8,262	-31,749	-30,777	-29,816	-25,042	46,478	47,590	47,979	47,820	48,221	49,029	49,040	50,500	49,175	49,968	50,454	51,570	142,046	145,071	148,716	151,992	36,443	36,471	37,384	37,632	38,567	38,094	39,053	40,006	39,841	41,117	42,525	43,308	110,298	114,294	118,900	126,950
2010	0017	CAFTA-DR	-32	139	52	129	31	-24	-31	-108	23	42	6	-8	159	136	-117	40	1,872	1,819	1,963	1,925	2,032	1,981	1,948	2,072	2,076	2,097	2,095	2,159	5,653	5,938	6,097	6,350	1,840	1,958	2,014	2,054	2,062	1,957	1,917	1,964	2,099	2,138	2,101	2,151	5,812	6,074	5,980	6,390
2010	0003	European Union	-5,375	-6,249	-6,472	-5,126	-6,704	-6,966	-7,820	-7,467	-7,299	-7,489	-6,196	-6,510	-18,096	-18,796	-22,586	-20,195	24,680	25,051	25,503	23,992	26,131	26,454	27,527	27,837	27,833	28,402	27,344	28,510	75,235	76,577	83,197	84,256	19,305	18,802	19,031	18,866	19,427	19,488	19,707	20,370	20,534	20,913	21,149	21,999	57,138	57,781	60,611	64,061
2010	0008	Newly Industrialized Countries	1,607	1,717	1,987	1,334	1,054	666	1,411	655	1,044	855	495	1,178	5,311	3,055	3,110	2,528	7,654	7,748	7,990	8,375	8,763	9,099	8,909	9,359	9,361	9,520	10,001	9,666	23,392	26,237	27,629	29,187	9,261	9,465	9,977	9,709	9,818	9,765	10,320	10,014	10,404	10,376	10,496	10,844	28,703	29,292	30,739	31,716
2010	0001	OPEC	-7,623	-7,901	-9,375	-8,927	-7,762	-7,918	-7,033	-7,757	-8,499	-6,289	-7,550	-9,032	-24,899	-24,607	-23,289	-22,871	11,827	12,701	13,608	13,527	12,548	12,550	11,686	12,379	12,809	10,769	12,007	13,483	38,135	38,624	36,875	36,259	4,204	4,800	4,232	4,600	4,786	4,631	4,653	4,622	4,310	4,479	4,456	4,452	13,236	14,017	13,585	13,387
2010	0009	South/Central America	-229	41	910	652	1,065	651	849	643	965	992	792	-178	721	2,368	2,457	1,605	10,374	10,864	10,699	10,755	10,634	10,692	10,690	11,098	10,707	11,368	11,589	11,955	31,937	32,081	32,495	34,913	10,145	10,905	11,609	11,407	11,699	11,343	11,539	11,741	11,672	12,360	12,381	11,777	32,658	34,449	34,952	36,518
2011	3510	Brazil	1,420	901	1,416	1,033	756	984	852	1,304	1,155	897	392	171	3,737	2,773	3,312	1,460	2,232	2,402	2,083	2,560	2,923	2,570	2,663	2,261	2,777	2,712	3,227	3,327	6,717	8,053	7,701	9,265	3,653	3,303	3,499	3,593	3,678	3,554	3,516	3,565	3,932	3,609	3,619	3,498	10,454	10,826	11,013	10,726
2011	1220	Canada	-2,420	-2,830	-3,046	-1,971	-3,109	-2,976	-3,327	-2,387	-3,499	-2,474	-3,290	-2,705	-8,296	-8,055	-9,213	-8,468	25,426	24,749	26,014	25,485	26,355	25,530	27,833	26,592	27,028	26,592	26,669	27,051	76,188	77,370	81,454	80,312	23,005	21,919	22,967	23,514	23,246	22,554	24,506	24,206	23,529	24,119	23,379	24,346	67,892	69,315	72,241	71,844
2011	5700	China	-23,788	-25,083	-23,250	-23,485	-24,788	-24,873	-24,853	-24,705	-24,228	-25,538	-25,046	-25,613	-72,120	-73,146	-73,787	-76,197	32,425	33,802	32,159	32,010	33,039	33,167	33,420	33,500	33,168	34,265	34,094	34,322	98,386	98,217	100,088	102,681	8,637	8,720	8,909	8,525	8,251	8,294	8,567	8,795	8,939	8,727	9,048	8,709	26,266	25,071	26,301	26,484
2011	4279	France	-900	-937	-986	-734	-1,294	-890	-922	-850	-839	-1,499	-1,143	-1,197	-2,823	-2,919	-2,611	-3,839	3,249	3,270	3,267	3,353	3,562	3,165	3,166	3,232	3,203	3,730	3,417	3,435	9,786	10,081	9,600	10,582	2,349	2,334	2,281	2,619	2,268	2,276	2,243	2,381	2,364	2,231	2,274	2,238	6,963	7,162	6,989	6,742
2011	4280	Germany	-4,348	-3,877	-3,995	-3,834	-3,871	-3,903	-4,137	-4,148	-4,398	-4,075	-4,268	-4,535	-12,220	-11,608	-12,684	-12,878	8,370	7,848	8,049	7,999	8,000	8,230	7,939	8,372	8,467	8,335	8,403	8,673	24,267	24,229	24,777	25,411	4,022	3,971	4,054	4,164	4,129	4,327	3,801	4,223	4,069	4,260	4,135	4,138	12,047	12,621	12,093	12,533
2011	5330	India	-1,035	-882	-1,142	-1,245	-1,297	-1,190	-1,392	-1,400	-1,332	-1,475	-948	-1,273	-3,059	-3,733	-4,124	-3,696	2,678	2,627	2,943	3,085	3,186	3,226	3,046	3,037	3,016	3,149	3,014	3,149	8,248	9,497	9,098	9,312	1,643	1,745	1,801	1,840	1,888	2,035	1,653	1,637	1,683	1,673	2,066	1,877	5,189	5,764	4,974	5,616
2011	4759	Italy	-1,424	-1,294	-1,375	-1,483	-1,701	-1,513	-1,485	-1,450	-1,566	-1,443	-1,509	-1,693	-4,093	-4,697	-4,502	-4,645	2,703	2,612	2,748	2,852	3,035	2,861	2,799	2,792	2,848	2,799	2,906	3,019	8,063	8,749	8,438	8,724	1,279	1,318	1,373	1,369	1,334	1,348	1,314	1,341	1,282	1,356	1,397	1,326	3,970	4,052	3,937	4,079
2011	5880	Japan	-5,546	-5,595	-5,271	-3,402	-3,374	-4,064	-5,576	-5,769	-5,914	-5,796	-6,024	-6,797	-16,411	-10,840	-17,259	-18,618	10,839	11,118	10,871	8,822	8,933	9,489	10,958	11,151	11,320	11,819	11,606	12,003	32,828	27,244	33,429	35,427	5,293	5,524	5,600	5,420	5,559	5,425	5,382	5,383	5,406	6,023	5,581	5,205	16,417	16,403	16,171	16,809
2011	5800	Korea, South	-984	-1,307	-1,078	-992	-899	-1,364	-1,302	-643	-1,280	-1,323	-951	-1,077	-3,368	-3,255	-3,225	-3,351	4,490	4,453	4,598	4,853	4,780	4,855	4,928	4,428	4,849	4,793	4,772	4,863	13,541	14,487	14,205	14,428	3,507	3,146	3,520	3,861	3,881	3,490	3,626	3,785	3,569	3,471	3,820	3,785	10,173	11,232	10,980	11,077
2011	2010	Mexico	-5,715	-5,591	-5,255	-5,282	-5,474	-5,321	-5,404	-5,259	-5,057	-5,297	-5,277	-5,652	-16,561	-16,077	-15,720	-16,226	21,581	20,638	21,320	21,784	22,109	21,838	22,193	21,989	21,962	22,043	22,425	22,990	63,540	65,732	66,144	67,458	15,866	15,047	16,065	16,502	16,635	16,517	16,789	16,730	16,905	16,746	17,148	17,337	46,979	49,654	50,424	51,232
2011	5170	Saudi Arabia	-1,745	-3,152	-2,672	-1,962	-2,303	-3,112	-2,802	-2,981	-3,620	-2,292	-2,951	-3,961	-7,569	-7,377	-9,402	-9,204	2,754	4,090	3,849	3,120	3,545	4,155	3,977	4,100	4,844	3,565	4,267	5,208	10,694	10,820	12,922	13,041	1,009	938	1,177	1,158	1,242	1,043	1,176	1,119	1,225	1,273	1,317	1,247	3,124	3,443	3,520	3,836
2011	4120	United Kingdom	68	-355	309	574	135	759	454	753	1,210	36	383	444	22	1,468	2,417	863	4,280	3,926	4,329	4,230	4,672	4,099	4,260	4,115	4,119	4,300	4,294	4,638	12,536	13,001	12,494	13,232	4,349	3,571	4,638	4,804	4,807	4,858	4,714	4,868	5,329	4,337	4,676	5,082	12,558	14,469	14,911	14,095
2011	0020	All other countries	-12,783	-11,858	-12,678	-14,524	-14,993	-14,475	-11,279	-12,088	-7,679	-10,555	-10,587	-10,119	-37,320	-43,993	-31,047	-31,261	57,534	57,143	58,134	61,579	61,145	60,690	59,263	59,890	56,314	58,360	57,647	57,758	172,811	183,414	175,467	173,766	44,751	45,284	45,456	47,055	46,152	46,215	47,984	47,801	48,635	47,805	47,060	47,640	135,491	139,422	144,420	142,505
2011	0017	CAFTA-DR	187	34	235	-71	305	106	290	209	28	-10	130	113	456	340	527	233	2,281	2,271	2,237	2,589	2,334	2,432	2,448	2,361	2,390	2,482	2,426	2,365	6,790	7,355	7,199	7,273	2,468	2,305	2,472	2,518	2,639	2,538	2,738	2,570	2,418	2,472	2,556	2,479	7,246	7,695	7,726	7,507
2011	0003	European Union	-8,280	-8,095	-7,952	-8,031	-8,149	-8,622	-7,432	-7,658	-7,390	-8,007	-9,083	-10,695	-24,327	-24,803	-22,480	-27,786	29,817	29,103	30,192	31,046	30,905	31,246	29,971	30,719	30,620	30,793	30,971	33,081	89,112	93,197	91,310	94,845	21,537	21,008	22,240	23,015	22,756	22,623	22,539	23,060	23,230	22,786	21,888	22,386	64,785	68,394	68,830	67,059
2011	0008	Newly Industrialized Countries	1,095	625	1,441	1,605	588	525	748	1,399	2,903	1,440	1,992	1,121	3,161	2,719	5,050	4,553	9,890	10,091	9,631	10,432	10,711	10,460	10,531	10,095	9,824	10,027	9,839	10,061	29,612	31,603	30,451	29,927	10,985	10,716	11,071	12,037	11,299	10,986	11,279	11,494	12,728	11,466	11,831	11,183	32,772	34,322	35,501	34,480
2011	0001	OPEC	-10,837	-11,292	-10,864	-8,916	-10,635	-12,569	-11,042	-11,355	-10,016	-8,908	-9,777	-10,451	-32,993	-32,120	-32,412	-29,136	15,609	15,961	15,715	14,387	16,286	17,914	16,671	16,729	15,905	14,738	15,232	16,322	47,285	48,587	49,306	46,292	4,772	4,669	4,850	5,471	5,650	5,346	5,630	5,375	5,889	5,830	5,455	5,871	14,292	16,467	16,893	17,157
2011	0009	South/Central America	-750	-160	-190	-800	-988	-1,011	650	59	-339	-545	-123	-1,081	-1,101	-2,799	370	-1,749	13,940	13,198	14,052	14,915	15,109	14,716	13,963	14,438	14,914	15,127	14,806	15,113	41,189	44,740	43,316	45,046	13,189	13,037	13,862	14,115	14,121	13,705	14,614	14,497	14,575	14,582	14,683	14,032	40,089	41,941	43,686	43,297
2012	3510	Brazil	481	616	221	802	1,189	812	950	732	1,342	1,442	1,494	1,567	1,318	2,803	3,024	4,503	3,024	3,000	3,535	3,009	2,309	2,721	2,388	2,838	2,436	2,334	2,381	2,149	9,559	8,039	7,662	6,864	3,505	3,616	3,755	3,811	3,497	3,534	3,339	3,570	3,778	3,776	3,874	3,717	10,877	10,842	10,686	11,367
2012	1220	Canada	-2,761	-2,684	-3,088	-3,183	-2,275	-2,030	-2,393	-2,549	-1,741	-2,533	-3,765	-2,610	-8,533	-7,489	-6,683	-8,907	27,053	27,063	27,387	27,440	26,505	26,654	26,720	26,570	26,712	26,645	28,369	27,145	81,503	80,599	80,002	82,159	24,292	24,379	24,299	24,257	24,230	24,624	24,327	24,021	24,971	24,112	24,605	24,535	72,969	73,111	73,319	73,251
2012	5700	China	-25,453	-24,708	-28,122	-26,384	-24,882	-26,072	-26,494	-25,358	-26,079	-26,152	-27,425	-27,974	-78,283	-77,338	-77,931	-81,552	34,310	33,794	37,254	35,548	34,546	35,257	35,683	34,595	35,611	35,479	36,623	36,919	105,358	105,351	105,890	109,020	8,857	9,087	9,132	9,164	9,664	9,186	9,189	9,238	9,532	9,326	9,198	8,944	27,075	28,013	27,959	27,469
2012	4279	France	-1,423	-655	-799	-799	-655	-811	-868	-927	-978	-985	-965	-969	-2,877	-2,265	-2,773	-2,919	3,759	3,390	3,470	3,269	3,458	3,477	3,530	3,492	3,532	3,324	3,523	3,421	10,619	10,205	10,555	10,267	2,336	2,735	2,672	2,471	2,804	2,666	2,663	2,565	2,554	2,338	2,558	2,452	7,742	7,940	7,782	7,349
2012	4280	Germany	-4,890	-4,463	-5,196	-4,483	-4,788	-4,855	-5,109	-5,155	-5,312	-5,044	-5,675	-5,452	-14,549	-14,127	-15,577	-16,171	8,912	8,612	9,374	8,823	8,964	8,904	9,061	9,123	9,424	9,002	9,646	9,380	26,899	26,691	27,608	28,027	4,022	4,150	4,179	4,340	4,175	4,050	3,952	3,967	4,112	3,957	3,971	3,928	12,350	12,565	12,032	11,856
2012	5330	India	-1,540	-1,753	-1,441	-1,127	-1,468	-1,940	-2,161	-1,703	-1,242	-1,014	-1,812	-1,205	-4,735	-4,535	-5,107	-4,031	3,190	3,487	3,176	3,090	3,122	3,474	3,924	3,565	3,479	2,968	3,597	3,440	9,853	9,687	10,968	10,005	1,650	1,734	1,735	1,964	1,654	1,534	1,762	1,862	2,237	1,954	1,785	2,235	5,119	5,151	5,861	5,974
2012	4759	Italy	-1,388	-1,308	-1,740	-1,815	-1,786	-1,834	-1,867	-1,821	-1,824	-1,723	-2,015	-1,747	-4,436	-5,435	-5,512	-5,485	2,983	2,689	3,116	3,184	3,156	3,104	3,280	3,101	3,080	2,935	3,238	3,099	8,788	9,444	9,460	9,273	1,595	1,380	1,377	1,369	1,370	1,269	1,413	1,280	1,256	1,212	1,224	1,352	4,352	4,009	3,948	3,788
2012	5880	Japan	-6,416	-6,974	-6,867	-5,683	-7,262	-6,556	-6,498	-6,369	-5,852	-6,049	-6,098	-5,833	-20,256	-19,501	-18,718	-17,980	12,473	12,498	12,539	12,000	12,788	12,310	12,368	12,416	11,852	11,640	11,720	11,827	37,510	37,099	36,637	35,187	6,057	5,523	5,673	6,317	5,526	5,755	5,871	6,048	6,000	5,592	5,622	5,993	17,253	17,598	17,918	17,207
2012	5800	Korea, South	-1,240	-792	-1,108	-1,629	-1,420	-1,143	-1,456	-1,648	-1,341	-1,410	-1,626	-1,803	-3,139	-4,192	-4,445	-4,840	4,712	4,895	4,808	5,296	4,914	4,732	4,973	4,780	4,926	4,922	4,821	5,121	14,414	14,942	14,679	14,864	3,472	4,103	3,700	3,666	3,494	3,589	3,516	3,132	3,585	3,512	3,195	3,318	11,275	10,750	10,233	10,025
2012	2010	Mexico	-5,549	-6,001	-5,422	-5,637	-5,531	-5,532	-5,243	-4,702	-4,490	-4,512	-4,880	-4,221	-16,971	-16,700	-14,435	-13,613	23,357	23,586	23,578	23,330	23,271	23,235	23,088	22,865	22,889	22,969	23,116	22,309	70,522	69,836	68,842	68,394	17,809	17,586	18,157	17,693	17,740	17,703	17,844	18,164	18,399	18,457	18,236	18,088	53,551	53,136	54,407	54,781
2012	5170	Saudi Arabia	-3,558	-3,025	-3,459	-4,052	-3,978	-2,847	-3,443	-2,822	-2,797	-2,795	-2,715	-2,215	-10,042	-10,877	-9,062	-7,724	5,317	4,547	5,004	5,466	5,184	4,477	5,061	4,243	4,133	4,086	4,390	3,759	14,868	15,127	13,436	12,236	1,758	1,522	1,545	1,414	1,206	1,630	1,617	1,421	1,336	1,292	1,675	1,544	4,826	4,250	4,374	4,511
2012	4120	United Kingdom	23	580	60	91	-118	-66	123	-290	-31	-184	-72	-263	663	-93	-197	-519	4,816	4,590	4,764	4,665	4,528	4,449	4,387	4,694	4,637	4,404	4,612	4,460	14,169	13,642	13,718	13,477	4,839	5,169	4,823	4,756	4,410	4,383	4,510	4,405	4,606	4,220	4,541	4,198	14,832	13,549	13,521	12,959
2012	0020	All other countries	-10,024	-8,757	-8,716	-7,775	-8,399	-6,500	-6,314	-7,526	-7,660	-9,308	-8,586	-2,642	-27,497	-22,674	-21,500	-20,535	57,366	55,976	57,573	56,332	57,200	56,073	53,541	54,668	56,486	55,133	57,119	54,848	170,916	169,604	164,695	167,101	47,342	47,219	48,857	48,557	48,800	49,573	47,227	47,142	48,827	45,825	48,534	52,206	143,418	146,930	143,196	146,565
2012	0017	CAFTA-DR	12	-51	-133	-128	-230	-25	-110	-127	-91	77	-291	98	-173	-382	-328	-117	2,654	2,559	2,636	2,624	2,628	2,531	2,545	2,468	2,601	2,378	2,599	2,668	7,849	7,783	7,614	7,644	2,666	2,508	2,503	2,496	2,398	2,507	2,435	2,340	2,511	2,455	2,307	2,766	7,677	7,401	7,286	7,528
2012	0003	European Union	-10,095	-7,082	-9,469	-8,003	-9,500	-9,500	-9,840	-11,031	-10,961	-9,282	-11,468	-10,152	-26,645	-27,003	-31,832	-30,902	32,799	30,105	32,434	30,809	31,857	31,427	31,938	32,734	32,356	30,207	33,081	32,007	95,339	94,093	97,028	95,295	22,704	23,024	22,966	22,806	22,357	21,926	22,098	21,703	21,395	20,925	21,613	21,855	68,694	67,090	65,196	64,393
2012	0008	Newly Industrialized Countries	500	1,958	1,357	1,113	1,179	1,477	-59	159	303	102	1,247	1,833	3,815	3,769	403	3,181	9,631	10,391	10,395	10,816	10,258	10,246	10,341	10,054	10,391	10,399	10,044	10,480	30,418	31,321	30,785	30,923	10,131	12,350	11,752	11,930	11,437	11,722	10,282	10,212	10,694	10,501	11,291	12,313	34,232	35,089	31,188	34,105
2012	0001	OPEC	-10,037	-7,203	-9,741	-10,685	-9,769	-7,881	-7,272	-6,971	-7,104	-8,868	-7,965	-5,529	-26,981	-28,335	-21,347	-22,362	16,484	13,552	16,572	17,157	16,336	15,043	14,131	13,681	14,007	15,029	15,343	13,418	46,607	48,536	41,819	43,790	6,447	6,348	6,831	6,472	6,567	7,162	6,859	6,710	6,903	6,161	7,377	7,889	19,627	20,200	20,472	21,428
2012	0009	South/Central America	-131	-560	-1,080	1,031	1,192	998	1,614	620	2,000	2,060	786	2,864	-1,772	3,220	4,234	5,710	14,774	15,021	16,125	14,879	13,836	13,853	12,839	14,214	14,384	13,266	14,539	14,062	45,920	42,567	41,438	41,867	14,643	14,461	15,045	15,909	15,027	14,851	14,453	14,834	16,384	15,326	15,325	16,926	44,149	45,787	45,671	47,577
2013	3510	Brazil	1,385	1,762	1,388	1,326	991	1,596	1,832	1,484	848	1,282	966	1,602	4,535	3,913	4,164	3,850	2,149	2,318	2,157	2,208	2,397	2,225	2,396	2,349	2,729	2,291	2,207	2,204	6,625	6,830	7,474	6,702	3,535	4,080	3,545	3,534	3,388	3,821	4,228	3,833	3,577	3,574	3,172	3,806	11,159	10,743	11,638	10,552
2013	1220	Canada	-2,791	-2,720	-1,986	-2,825	-2,594	-2,341	-2,913	-2,771	-3,034	-3,179	-2,326	-2,322	-7,497	-7,760	-8,718	-7,827	27,750	27,771	27,046	27,546	27,303	27,014	27,434	27,788	28,129	28,483	28,417	27,875	82,567	81,864	83,352	84,775	24,959	25,051	25,060	24,721	24,709	24,673	24,521	25,017	25,095	25,304	26,091	25,553	75,070	74,104	74,634	76,947
2013	5700	China	-28,866	-28,518	-23,920	-24,718	-26,747	-25,835	-26,634	-27,086	-26,697	-25,908	-26,248	-27,535	-81,304	-77,300	-80,417	-79,691	38,829	38,012	32,893	34,556	36,298	35,929	36,178	37,177	37,068	37,133	37,533	38,828	109,734	106,784	110,423	113,493	9,963	9,494	8,973	9,838	9,551	10,094	9,544	10,091	10,372	11,225	11,284	11,293	28,430	29,483	30,006	33,801
2013	4279	France	-942	-1,196	-1,058	-1,276	-1,159	-1,069	-1,283	-1,006	-1,139	-1,379	-982	-1,481	-3,196	-3,505	-3,428	-3,841	3,483	3,566	3,627	3,788	3,694	3,687	4,054	3,833	3,838	4,142	3,721	4,272	10,675	11,170	11,726	12,135	2,540	2,370	2,569	2,512	2,535	2,618	2,771	2,828	2,699	2,763	2,739	2,792	7,479	7,665	8,297	8,294
2013	4280	Germany	-4,650	-5,667	-5,192	-5,569	-5,520	-5,698	-5,826	-5,006	-6,455	-6,242	-5,668	-5,495	-15,509	-16,786	-17,287	-17,404	8,734	9,634	9,121	9,466	9,471	9,451	9,711	9,060	10,293	10,154	9,953	9,302	27,489	28,388	29,064	29,409	4,085	3,967	3,928	3,897	3,952	3,753	3,885	4,054	3,837	3,912	4,285	3,808	11,979	11,601	11,777	12,005
2013	5330	India	-1,152	-1,524	-1,720	-1,887	-1,852	-1,386	-1,856	-1,571	-1,702	-1,744	-1,564	-2,039	-4,396	-5,125	-5,130	-5,347	3,181	3,413	3,556	3,650	3,663	3,547	3,654	3,398	3,371	3,402	3,338	3,636	10,150	10,860	10,423	10,376	2,029	1,889	1,836	1,762	1,811	2,161	1,798	1,827	1,668	1,658	1,774	1,597	5,754	5,735	5,293	5,029
2013	4759	Italy	-1,714	-1,860	-1,815	-1,998	-1,712	-1,628	-1,748	-1,641	-1,899	-2,022	-1,894	-2,024	-5,389	-5,338	-5,288	-5,940	3,054	3,232	3,138	3,183	3,179	3,124	3,171	3,156	3,373	3,376	3,317	3,406	9,423	9,486	9,700	10,100	1,340	1,372	1,323	1,186	1,467	1,495	1,423	1,515	1,474	1,354	1,423	1,383	4,034	4,148	4,412	4,160
2013	5880	Japan	-6,359	-6,232	-6,302	-6,281	-6,190	-6,062	-6,289	-6,377	-6,141	-5,527	-6,053	-5,546	-18,893	-18,533	-18,808	-17,125	11,793	11,521	11,492	11,729	11,710	11,609	11,594	11,793	11,700	10,996	11,699	10,938	34,806	35,049	35,087	33,633	5,434	5,289	5,190	5,448	5,520	5,547	5,305	5,416	5,559	5,469	5,646	5,392	15,913	16,515	16,279	16,508
2013	5800	Korea, South	-1,912	-1,757	-1,865	-1,994	-1,896	-1,741	-1,641	-1,756	-2,043	-1,512	-1,128	-1,502	-5,534	-5,631	-5,440	-4,142	5,301	5,277	5,278	5,156	5,166	5,187	5,111	5,195	5,207	5,094	5,168	5,291	15,856	15,509	15,514	15,554	3,389	3,521	3,413	3,162	3,270	3,446	3,470	3,439	3,164	3,582	4,040	3,789	10,323	9,879	10,073	11,412
2013	2010	Mexico	-4,493	-4,679	-4,583	-4,487	-4,712	-4,376	-4,111	-4,726	-5,252	-4,296	-4,350	-4,421	-13,754	-13,575	-14,089	-13,067	22,692	23,816	23,159	23,324	23,179	23,071	23,438	23,365	23,753	23,285	23,579	23,895	69,667	69,574	70,556	70,759	18,200	19,137	18,576	18,837	18,467	18,695	19,328	18,638	18,501	18,989	19,229	19,473	55,913	55,999	56,467	57,691
2013	5170	Saudi Arabia	-1,573	-2,077	-2,366	-2,235	-2,325	-3,043	-2,758	-3,604	-3,107	-3,483	-3,089	-3,186	-6,016	-7,604	-9,469	-9,758	3,573	3,543	3,999	3,709	4,064	4,679	4,244	4,927	4,653	5,027	4,590	4,798	11,115	12,452	13,825	14,415	1,999	1,466	1,633	1,473	1,738	1,636	1,487	1,323	1,546	1,544	1,501	1,612	5,099	4,848	4,356	4,658
2013	4120	United Kingdom	-149	-270	-610	-777	-328	-240	-1,006	-392	-301	-397	-230	-804	-1,029	-1,345	-1,698	-1,431	4,291	4,434	4,451	4,288	4,326	4,613	4,587	4,313	4,329	4,539	4,358	4,322	13,176	13,227	13,229	13,219	4,142	4,164	3,841	3,512	3,998	4,373	3,581	3,921	4,029	4,142	4,128	3,518	12,147	11,882	11,531	11,788
2013	0020	All other countries	-6,848	-4,422	-4,451	-4,330	-5,113	-1,619	-2,880	-3,123	-3,540	-5,077	-2,837	-1,789	-15,721	-11,062	-9,542	-9,703	56,276	54,995	53,827	53,141	54,060	52,533	52,774	52,771	52,867	54,594	52,418	50,700	165,097	159,734	158,411	157,712	49,428	50,573	49,376	48,810	48,948	50,914	49,894	49,648	49,327	49,518	49,580	48,911	149,377	148,672	148,869	148,009
2013	0017	CAFTA-DR	-23	-63	-14	-225	-251	-46	-3	46	47	48	-12	3	-101	-522	89	39	2,461	2,563	2,480	2,422	2,609	2,458	2,433	2,566	2,566	2,485	2,510	2,581	7,505	7,488	7,564	7,576	2,438	2,500	2,466	2,197	2,358	2,412	2,429	2,612	2,613	2,532	2,498	2,584	7,403	6,967	7,654	7,614
2013	0003	European Union	-9,681	-10,678	-10,756	-10,536	-9,855	-9,328	-10,562	-9,734	-10,039	-12,349	-10,631	-11,408	-31,116	-29,718	-30,335	-34,388	31,091	32,162	31,786	31,686	31,582	31,168	32,465	31,729	33,220	34,787	33,323	32,645	95,039	94,435	97,414	100,755	21,410	21,484	21,030	21,150	21,727	21,840	21,903	21,995	23,181	22,439	22,692	21,236	63,923	64,717	67,079	66,367
2013	0008	Newly Industrialized Countries	474	1,929	1,312	7	1,363	1,536	982	1,966	717	2,248	1,994	1,733	3,714	2,905	3,665	5,975	10,420	10,473	10,454	10,554	10,384	10,424	10,292	10,252	10,471	9,998	10,008	10,174	31,347	31,363	31,015	30,180	10,893	12,402	11,766	10,561	11,747	11,960	11,275	12,218	11,188	12,246	12,002	11,907	35,061	34,268	34,680	36,155
2013	0001	OPEC	-6,037	-4,549	-5,196	-5,329	-5,528	-5,531	-6,205	-6,375	-5,693	-5,929	-6,077	-5,530	-15,782	-16,389	-18,272	-17,536	14,430	12,047	12,857	12,310	12,821	12,788	12,641	13,163	12,364	12,546	12,602	12,122	39,333	37,919	38,168	37,271	8,393	7,497	7,660	6,981	7,293	7,257	6,436	6,788	6,671	6,617	6,525	6,592	23,551	21,530	19,895	19,735
2013	0009	South/Central America	1,533	3,051	1,672	1,753	608	2,232	2,508	2,588	2,449	2,091	1,835	3,521	6,257	4,593	7,545	7,447	14,171	13,383	13,229	12,831	13,637	13,296	13,548	12,983	13,136	12,812	12,746	12,745	40,783	39,765	39,667	38,303	15,704	16,435	14,901	14,584	14,245	15,529	16,056	15,570	15,585	14,903	14,581	16,266	47,040	44,358	47,211	45,750
2014	3510	Brazil	1,656	1,311	1,423	1,236	1,181	898	884	622	932	747	603	401	4,390	3,315	2,438	1,750	2,334	2,416	2,341	2,303	2,487	2,586	2,597	2,713	2,510	2,756	2,691	2,805	7,090	7,376	7,819	8,251	3,990	3,727	3,763	3,539	3,668	3,484	3,481	3,335	3,442	3,503	3,293	3,205	11,480	10,691	10,258	10,001
2014	1220	Canada	-3,015	-2,646	-3,185	-2,407	-3,246	-3,212	-3,225	-2,944	-3,610	-2,796	-2,034	-3,057	-8,846	-8,865	-9,779	-7,887	27,401	27,957	28,639	28,184	29,388	29,451	30,394	29,542	29,952	29,297	28,433	29,160	83,997	87,023	89,888	86,890	24,386	25,310	25,455	25,777	26,142	26,239	27,168	26,598	26,342	26,501	26,399	26,103	75,151	78,157	80,109	79,003
2014	5700	China	-26,714	-27,837	-27,238	-28,138	-28,147	-28,762	-27,739	-28,648	-30,105	-29,616	-29,959	-30,177	-81,789	-85,046	-86,492	-89,752	37,564	37,969	37,515	38,060	38,220	38,932	37,919	39,000	40,223	40,306	40,388	40,659	113,047	115,213	117,142	121,353	10,850	10,132	10,277	9,922	10,074	10,171	10,180	10,352	10,118	10,690	10,429	10,482	31,259	30,166	30,650	31,601
2014	4279	France	-839	-1,605	-1,539	-1,280	-1,430	-1,219	-1,169	-1,160	-1,387	-1,135	-1,628	-1,184	-3,983	-3,929	-3,715	-3,946	3,562	4,120	4,092	4,024	4,086	3,961	3,796	3,963	3,779	3,792	3,960	3,738	11,774	12,072	11,538	11,490	2,723	2,515	2,553	2,744	2,657	2,742	2,627	2,804	2,392	2,657	2,332	2,554	7,791	8,143	7,823	7,544
2014	4280	Germany	-6,160	-5,545	-5,788	-6,517	-6,788	-5,829	-5,875	-6,901	-6,091	-6,228	-6,280	-5,894	-17,492	-19,135	-18,866	-18,403	10,275	9,966	10,022	10,595	10,745	10,196	10,120	10,960	10,244	10,080	10,211	9,846	30,263	31,536	31,324	30,138	4,115	4,421	4,234	4,078	3,956	4,367	4,245	4,059	4,153	3,852	3,931	3,952	12,770	12,401	12,457	11,735
2014	5330	India	-1,883	-1,989	-1,990	-2,486	-2,071	-1,447	-1,774	-2,047	-2,075	-1,999	-1,782	-2,092	-5,863	-6,004	-5,896	-5,874	3,679	3,641	3,735	3,942	3,697	3,270	3,581	3,779	3,946	3,917	4,049	4,009	11,054	10,909	11,306	11,975	1,795	1,651	1,745	1,456	1,627	1,823	1,807	1,733	1,870	1,918	2,267	1,917	5,191	4,905	5,410	6,101
2014	4759	Italy	-2,067	-1,873	-1,792	-1,930	-2,224	-2,359	-2,137	-2,347	-1,883	-2,145	-2,291	-2,098	-5,732	-6,513	-6,367	-6,535	3,388	3,263	3,457	3,379	3,526	3,654	3,601	3,671	3,334	3,601	3,696	3,544	10,108	10,559	10,607	10,841	1,321	1,390	1,665	1,449	1,302	1,295	1,464	1,324	1,451	1,456	1,405	1,446	4,376	4,046	4,240	4,307
2014	5880	Japan	-5,662	-5,505	-5,703	-5,482	-6,104	-5,761	-5,562	-4,913	-5,694	-5,673	-5,844	-5,275	-16,869	-17,347	-16,169	-16,791	11,334	11,157	11,397	11,055	11,349	11,345	11,192	10,971	11,163	11,133	10,869	11,039	33,888	33,749	33,326	33,041	5,673	5,652	5,694	5,573	5,245	5,584	5,631	6,059	5,468	5,460	5,026	5,764	17,019	16,402	17,158	16,250
2014	5800	Korea, South	-1,693	-1,544	-1,821	-1,896	-2,063	-1,902	-1,977	-2,099	-2,018	-2,432	-3,021	-2,580	-5,059	-5,861	-6,094	-8,034	5,406	5,161	5,651	5,707	5,746	5,668	5,647	5,899	5,663	6,037	6,701	6,234	16,217	17,121	17,209	18,971	3,712	3,617	3,830	3,811	3,683	3,767	3,670	3,801	3,644	3,604	3,680	3,654	11,158	11,261	11,115	10,938
2014	2010	Mexico	-3,972	-4,145	-4,301	-4,404	-3,604	-4,510	-4,459	-4,545	-4,556	-5,443	-4,470	-5,417	-12,418	-12,518	-13,559	-15,330	23,414	24,035	23,890	24,192	24,313	24,766	24,911	24,839	24,513	25,504	24,593	25,104	71,339	73,271	74,263	75,201	19,443	19,890	19,589	19,788	20,709	20,257	20,452	20,295	19,957	20,061	20,123	19,687	58,921	60,753	60,704	59,871
2014	5170	Saudi Arabia	-3,639	-3,739	-3,472	-3,783	-2,402	-1,813	-2,312	-1,521	-1,818	-1,291	-1,403	-1,142	-10,851	-7,998	-5,651	-3,835	5,036	5,234	4,935	5,166	4,085	3,514	3,919	3,071	3,394	2,827	2,892	2,969	15,205	12,764	10,384	8,688	1,397	1,494	1,463	1,382	1,683	1,701	1,607	1,550	1,576	1,536	1,489	1,827	4,354	4,766	4,733	4,852
2014	4120	United Kingdom	-421	-751	-498	-484	17	24	699	538	12	276	-119	138	-1,671	-443	1,250	295	4,545	4,298	4,649	4,947	4,687	4,421	4,478	4,318	4,492	4,350	4,569	4,639	13,492	14,055	13,288	13,558	4,124	3,546	4,151	4,463	4,704	4,445	5,177	4,856	4,504	4,626	4,450	4,777	11,822	13,612	14,538	13,853
2014	0020	All other countries	-1,515	-5,130	-5,230	-4,855	-2,993	-3,161	-4,229	-3,402	-3,333	-4,771	-2,062	-6,702	-11,875	-11,009	-10,965	-13,535	51,994	54,227	54,757	55,097	53,249	53,647	54,027	54,464	53,026	54,386	52,801	54,398	160,978	161,994	161,518	161,585	50,479	49,097	49,527	50,242	50,256	50,486	49,798	51,062	49,693	49,615	50,739	47,696	149,103	150,985	150,553	148,050
2014	0017	CAFTA-DR	328	28	109	-22	244	111	266	327	399	365	347	241	465	334	992	954	2,274	2,562	2,546	2,617	2,460	2,486	2,340	2,433	2,118	2,212	2,185	2,145	7,382	7,563	6,892	6,542	2,603	2,590	2,655	2,595	2,704	2,598	2,606	2,761	2,517	2,577	2,532	2,386	7,848	7,897	7,884	7,496
2014	0003	European Union	-10,802	-10,409	-11,624	-12,538	-12,618	-11,673	-10,256	-12,412	-12,439	-11,733	-12,730	-12,824	-32,835	-36,830	-35,107	-37,287	33,494	32,725	34,582	35,672	35,957	35,566	34,569	36,025	34,663	34,579	35,130	35,239	100,801	107,195	105,257	104,948	22,691	22,317	22,958	23,134	23,339	23,893	24,313	23,612	22,225	22,846	22,400	22,415	67,966	70,365	70,150	67,661
2014	0008	Newly Industrialized Countries	2,769	1,687	286	497	455	533	111	395	1,010	1,758	139	202	4,742	1,485	1,516	2,099	10,295	9,959	11,434	11,278	11,202	11,206	10,791	11,200	11,153	11,094	11,499	11,284	31,688	33,686	33,144	33,877	13,063	11,646	11,720	11,774	11,657	11,739	10,902	11,595	12,163	12,853	11,639	11,485	36,430	35,171	34,659	35,977
2014	0001	OPEC	-7,140	-6,852	-6,007	-5,114	-3,768	-3,668	-4,671	-2,772	-3,082	-2,565	-1,842	-2,522	-19,999	-12,550	-10,524	-6,930	13,419	13,279	12,263	11,924	11,112	10,366	11,711	10,197	10,214	9,646	8,749	9,470	38,961	33,402	32,122	27,866	6,279	6,427	6,256	6,810	7,343	6,698	7,040	7,425	7,132	7,081	6,907	6,948	18,962	20,851	21,597	20,936
2014	0009	South/Central America	2,758	1,597	2,685	2,466	2,762	3,129	2,872	3,006	3,131	2,527	3,784	2,610	7,041	8,357	9,009	8,921	12,701	13,529	12,838	12,894	12,442	12,484	12,432	12,758	12,421	12,538	11,393	12,263	39,067	37,819	37,610	36,194	15,459	15,126	15,523	15,359	15,204	15,613	15,304	15,763	15,552	15,065	15,177	14,873	46,108	46,176	46,619	45,115
2015	3510	Brazil	689	825	299	771	847	563	230	-198	200	-212	34	212	1,813	2,181	231	34	2,519	2,359	2,345	2,394	2,051	2,311	2,086	2,460	2,251	2,166	2,234	2,229	7,222	6,757	6,797	6,629	3,208	3,184	2,644	3,166	2,898	2,874	2,316	2,262	2,451	1,954	2,268	2,441	9,035	8,939	7,029	6,663
2015	1220	Canada	-859	-1,422	-808	-114	161	-3,098	-1,976	-2,165	-1,845	-387	-977	-1,374	-3,088	-3,052	-5,986	-2,738	25,729	25,017	24,229	23,798	23,990	26,161	25,709	25,356	24,506	23,175	23,538	23,982	74,975	73,949	75,570	70,696	24,870	23,596	23,421	23,684	24,151	23,062	23,733	23,191	22,661	22,788	22,561	22,609	71,887	70,898	69,584	67,958
2015	5700	China	-30,212	-27,123	-38,926	-27,477	-30,612	-28,935	-28,736	-32,905	-30,724	-30,199	-30,163	-29,683	-96,260	-87,024	-92,365	-90,045	40,225	36,119	48,222	37,694	40,142	39,410	39,092	42,696	40,932	39,750	39,298	38,301	124,566	117,245	122,720	117,350	10,013	8,996	9,297	10,217	9,530	10,475	10,356	9,791	10,208	9,551	9,136	8,618	28,306	30,221	30,355	27,304
2015	4279	France	-1,243	-1,275	-1,269	-1,121	-1,488	-1,654	-1,116	-1,962	-1,313	-1,671	-2,056	-1,399	-3,788	-4,263	-4,390	-5,126	3,905	3,916	3,779	3,707	4,015	4,091	3,933	4,254	3,646	4,130	4,416	3,850	11,600	11,814	11,834	12,396	2,662	2,640	2,510	2,586	2,527	2,438	2,818	2,293	2,334	2,459	2,360	2,451	7,812	7,551	7,444	7,270
2015	4280	Germany	-6,444	-6,390	-5,721	-5,933	-6,360	-6,827	-5,982	-6,786	-5,702	-6,169	-5,527	-6,352	-18,555	-19,120	-18,470	-18,048	10,423	10,541	10,007	10,287	10,221	10,862	10,298	10,652	9,897	10,748	9,711	10,493	30,971	31,370	30,847	30,951	3,979	4,151	4,286	4,354	3,861	4,035	4,316	3,866	4,195	4,580	4,183	4,140	12,416	12,250	12,377	12,904
2015	5330	India	-2,040	-1,986	-1,955	-1,529	-2,026	-1,630	-1,996	-1,938	-1,984	-2,030	-2,127	-1,970	-5,981	-5,185	-5,918	-6,127	3,754	3,956	3,787	3,628	3,754	3,757	3,747	3,710	3,600	3,741	3,806	3,502	11,497	11,138	11,057	11,049	1,714	1,970	1,832	2,099	1,727	2,127	1,751	1,772	1,615	1,711	1,679	1,532	5,515	5,954	5,138	4,922
2015	4759	Italy	-2,384	-2,598	-2,196	-2,211	-2,524	-2,238	-2,313	-2,121	-2,257	-2,315	-2,384	-2,215	-7,178	-6,973	-6,691	-6,914	3,654	3,845	3,568	3,634	3,857	3,517	3,562	3,544	3,653	3,765	3,663	3,742	11,067	11,008	10,760	11,170	1,270	1,247	1,372	1,422	1,333	1,280	1,250	1,423	1,397	1,450	1,279	1,527	3,889	4,035	4,069	4,256
2015	5880	Japan	-6,512	-4,393	-6,273	-6,682	-6,359	-5,178	-5,382	-5,195	-5,499	-5,275	-5,636	-6,264	-17,178	-18,219	-16,076	-17,174	11,762	9,746	11,815	12,518	11,621	10,349	10,696	10,471	10,134	10,337	10,647	11,023	33,323	34,489	31,301	32,007	5,250	5,353	5,542	5,836	5,262	5,172	5,314	5,275	4,635	5,063	5,011	4,759	16,145	16,270	15,225	14,833
2015	5800	Korea, South	-3,046	-2,170	-2,467	-2,129	-2,382	-2,260	-2,249	-2,739	-1,821	-2,295	-2,279	-2,493	-7,683	-6,771	-6,808	-7,067	6,596	5,614	6,063	6,209	6,124	5,880	5,933	6,451	5,586	5,875	5,780	5,718	18,273	18,212	17,970	17,372	3,550	3,444	3,596	4,080	3,742	3,619	3,685	3,712	3,765	3,580	3,501	3,224	10,590	11,441	11,162	10,306
2015	2010	Mexico	-3,833	-4,596	-4,991	-4,203	-4,113	-5,442	-3,836	-5,327	-5,470	-6,333	-5,410	-4,810	-13,420	-13,758	-14,633	-16,553	23,883	24,152	23,983	24,215	24,043	25,487	24,553	24,881	25,024	26,001	24,221	24,298	72,018	73,746	74,458	74,520	20,050	19,556	18,992	20,012	19,930	20,045	20,716	19,555	19,554	19,668	18,811	19,488	58,598	59,988	59,825	57,967
2015	5170	Saudi Arabia	-400	-360	-12	-166	-442	-498	-473	-18	153	-64	360	-471	-771	-1,105	-339	-175	2,180	1,817	1,544	2,015	1,932	2,023	2,211	1,801	1,747	1,367	1,571	1,871	5,542	5,971	5,759	4,809	1,781	1,458	1,532	1,849	1,491	1,525	1,738	1,782	1,900	1,303	1,931	1,400	4,771	4,865	5,420	4,634
2015	4120	United Kingdom	-1	-384	-111	-1,011	-52	-207	328	-338	-1,148	634	276	563	-497	-1,270	-1,157	1,472	4,667	4,766	4,284	5,491	5,200	5,305	4,295	4,911	5,903	4,540	4,478	3,965	13,717	15,997	15,108	12,983	4,666	4,381	4,173	4,480	5,148	5,098	4,623	4,573	4,755	5,174	4,754	4,528	13,220	14,726	13,951	14,456
2015	0020	All other countries	-3,854	-2,671	-5,893	-5,598	-3,556	-3,657	-4,859	-4,381	-1,852	-6,994	-7,672	-7,563	-12,418	-12,811	-11,091	-22,229	50,404	49,347	52,134	50,827	49,107	49,480	49,522	48,868	48,408	50,146	50,755	50,087	151,885	149,413	146,798	150,988	46,550	46,676	46,241	45,228	45,551	45,823	44,663	44,488	46,556	43,152	43,083	42,524	139,467	136,603	135,707	128,759
2015	0017	CAFTA-DR	459	207	301	350	410	543	338	531	562	704	448	313	967	1,303	1,432	1,465	2,042	2,090	1,990	1,986	2,031	1,862	2,029	1,970	1,894	1,946	1,981	1,915	6,122	5,879	5,892	5,841	2,501	2,297	2,291	2,336	2,441	2,405	2,366	2,501	2,456	2,650	2,429	2,228	7,089	7,182	7,324	7,306
2015	0003	European Union	-12,385	-11,106	-10,943	-11,945	-13,381	-13,882	-12,447	-14,537	-13,142	-13,342	-12,863	-13,344	-34,434	-39,208	-40,127	-39,549	35,752	34,883	33,659	35,543	35,941	35,738	34,761	36,155	35,839	36,642	35,686	35,405	104,294	107,223	106,755	107,734	23,368	23,777	22,716	23,598	22,560	21,856	22,314	21,619	22,696	23,300	22,823	22,062	69,861	68,015	66,628	68,184
2015	0008	Newly Industrialized Countries	-363	592	-1,934	-662	-299	388	-313	-1,071	1,219	588	-245	-117	-1,705	-573	-164	226	11,400	10,680	12,812	12,492	11,514	11,360	11,159	11,972	11,061	11,129	10,954	10,940	34,893	35,366	34,192	33,023	11,037	11,273	10,879	11,831	11,215	11,747	10,846	10,902	12,280	11,717	10,709	10,823	33,188	34,793	34,028	33,249
2015	0001	OPEC	-873	556	883	475	251	684	685	1,034	1,684	402	1,078	-228	566	1,410	3,403	1,252	7,059	5,882	5,094	5,540	5,591	5,537	6,176	4,746	5,021	4,712	5,356	5,435	18,036	16,668	15,943	15,503	6,186	6,439	5,977	6,016	5,842	6,221	6,860	5,780	6,705	5,114	6,434	5,207	18,601	18,079	19,345	16,755
2015	0009	South/Central America	2,139	3,852	2,909	3,019	4,202	3,483	2,624	3,302	3,622	2,813	2,714	2,755	8,900	10,704	9,548	8,282	11,000	10,193	10,442	9,930	9,519	10,025	9,702	9,337	8,908	8,893	8,970	8,953	31,636	29,474	27,947	26,815	13,139	14,045	13,351	12,949	13,721	13,508	12,326	12,639	12,531	11,706	11,684	11,708	40,536	40,178	37,495	35,097
2016	3510	Brazil	578																1,791																2,369															
2016	1220	Canada	-459																22,925																22,466															
2016	5700	China	-31,108																39,751																8,643															
2016	4279	France	-1,472																3,796																2,324															
2016	4280	Germany	-5,809																9,689																3,880															
2016	5330	India	-2,255																3,925																1,669															
2016	4759	Italy	-2,379																3,666																1,288															
2016	5880	Japan	-5,589																10,450																4,862															
2016	5800	Korea, South	-2,876																6,271																3,395															
2016	2010	Mexico	-5,565																25,050																19,485															
2016	5170	Saudi Arabia	-194																1,559																1,364															
2016	4120	United Kingdom	-138																4,264																4,126															
2016	0020	All other countries	-4,906																46,269																41,363															
2016	0017	CAFTA-DR	429																1,916																2,345															
2016	0003	European Union	-12,565																34,117																21,552															
2016	0008	Newly Industrialized Countries	-778																11,398																10,620															
2016	0001	OPEC	-154																5,949																5,795															
2016	0009	South/Central America	3,126																7,947																11,072															
